Expiry	Put 0.100000	Put 0.250000	ATM	Call 0.250000	Call 0.100000	
0.0	1.4	1.4	1.4	1.4	1.4	
0.01	1.36115170147	1.38160780294	1.4002395955	1.41860803499	1.43860004298	
0.02	1.34557102071	1.37421984251	1.400479232	1.42654361621	1.45508759012	
0.03	1.33381270979	1.36864071208	1.40071890952	1.43272497314	1.46794261216	
0.04	1.32403083599	1.36399727902	1.40095862805	1.4379989383	1.47891951324	
0.05	1.31551068813	1.35995142675	1.40119838761	1.44269344847	1.4886975936	
0.06	1.30788586347	1.35632978971	1.4014381882	1.44697665206	1.49762511565	
0.07	1.30093878635	1.35302940484	1.40167802983	1.45094841502	1.5059088909	
0.08	1.29452774857	1.34998320149	1.40191791251	1.45467379141	1.51368362185	
0.09	1.28855435682	1.34714460297	1.40215783624	1.45819795818	1.52104284103	
0.1	1.28294699871	1.34447970479	1.40239780103	1.46155380133	1.52805462557	
0.11	1.27765163316	1.34196291768	1.40263780689	1.46476614179	1.53477035072	
0.12	1.27262629145	1.33957436583	1.40287785383	1.46785425886	1.54122991637	
0.13	1.26783761063	1.33729824664	1.40311794184	1.47083348107	1.54746504207	
0.14	1.26325855034	1.33512175035	1.40335807094	1.4737162341	1.55350143719	
0.15	1.25886683377	1.33303432224	1.40359824114	1.4765127563	1.55936028283	
0.16	1.25464385058	1.33102714348	1.40383845244	1.47923160233	1.56505927463	
0.17	1.25057386464	1.3290927561	1.40407870485	1.48188000684	1.57061337591	
0.18	1.24664342904	1.32722478615	1.40431899838	1.484464153	1.57603537361	
0.19	1.24284094588	1.32541773533	1.40455933303	1.48698937464	1.58133629691	
0.2	1.23915632915	1.32366682136	1.40479970882	1.48946031103	1.58652573759	
0.21	1.23558074273	1.32196785399	1.40504012574	1.49188102717	1.59161209912	
0.22	1.232106394	1.3203171373	1.4052805838	1.4942551086	1.59660279283	
0.23	1.22872636934	1.31871139175	1.40552108302	1.49658573692	1.60150439437	
0.24	1.22543450143	1.31714769141	1.40576162339	1.49887575075	1.60632276978	
0.25	1.22222526131	1.31562341282	1.40600220494	1.5011276953	1.61106317813	
0.26	1.21928784525	1.31423874515	1.40621716395	1.50314102373	1.61533825494	
0.27	1.216414922	1.31288441963	1.40643215584	1.5051264277	1.619555271	
0.28	1.21360309567	1.31155885868	1.40664718059	1.50708533413	1.62371724496	
0.29	1.21084925528	1.31026061598	1.40686223821	1.50901905379	1.62782694761	
0.3	1.20815054248	1.30898836175	1.40707732872	1.51092879408	1.63188692936	
0.31	1.20550432379	1.30774086999	1.40729245211	1.51281567011	1.63589954403	
0.32	1.20290816661	1.30651700749	1.40750760839	1.51468071422	1.63986696937	
0.33	1.20035981849	1.30531572433	1.40772279756	1.5165248844	1.64379122496	
0.34	1.19785718897	1.30413604554	1.40793801963	1.51834907148	1.64767418775	
0.35	1.19539833383	1.30297706384	1.40815327461	1.52015410562	1.65151760581	
0.36	1.19298144113	1.30183793323	1.4083685625	1.52194076186	1.65532311034	
0.37	1.19060481901	1.30071786339	1.4085838833	1.52370976517	1.65909222629	
0.38	1.18826688487	1.29961611465	1.40879923702	1.52546179479	1.66282638181	
0.39	1.18596615573	1.2985319936	1.40901462367	1.52719748824	1.66652691659	
0.4	1.1837012397	1.29746484912	1.40923004325	1.52891744474	1.67019508936	
0.41	1.18147082839	1.29641406886	1.40944549576	1.5306222284	1.67383208452	
0.42	1.17927369003	1.29537907612	1.40966098121	1.53231237104	1.67743901817	
0.43	1.1771086634	1.29435932698	1.4098764996	1.53398837465	1.6810169435	
0.44	1.17497465227	1.29335430776	1.41009205095	1.53565071376	1.68456685555	
0.45	1.17287062046	1.29236353274	1.41030763525	1.53729983743	1.68808969569	
0.46	1.17079558735	1.29138654208	1.41052325251	1.53893617115	1.69158635554	
0.47	1.16874862379	1.29042289989	1.41073890274	1.54056011853	1.69505768054	
0.48	1.16672884844	1.28947219259	1.41095458593	1.54217206285	1.69850447326	
0.49	1.16473542436	1.28853402728	1.4111703021	1.54377236844	1.70192749636	
0.5	1.16276755599	1.28760803038	1.41138605125	1.54536138197	1.70532747531	
0.51	1.16106524112	1.28682024991	1.41156530867	1.54669440711	1.70822569457	
0.52	1.15938144505	1.28604100875	1.41174458884	1.54801980894	1.71110788804	
0.53	1.15771570261	1.28527009868	1.41192389179	1.54933777016	1.71397445583	
0.54	1.15606756745	1.28450731974	1.41210321751	1.5506484665	1.71682578242	
0.55	1.15443661096	1.28375247973	1.41228256601	1.55195206705	1.71966223743	
0.56	1.15282242136	1.28300539385	1.41246193729	1.55324873458	1.72248417647	
0.57	1.15122460273	1.28226588424	1.41264133134	1.55453862594	1.72529194182	
0.58	1.14964277421	1.28153377969	1.41282074819	1.55582189227	1.72808586317	
0.59	1.14807656921	1.28080891525	1.41300018781	1.55709867935	1.7308662582	
0.6	1.14652563465	1.28009113194	1.41317965023	1.55836912783	1.73363343323	
0.61	1.14498963031	1.27938027645	1.41335913545	1.55963337349	1.73638768375	
0.62	1.14346822816	1.27867620085	1.41353864346	1.56089154748	1.73912929494	
0.63	1.14196111178	1.27797876233	1.41371817426	1.5621437765	1.7418585422	
0.64	1.14046797577	1.27728782298	1.41389772787	1.56339018306	1.74457569159	
0.65	1.13898852525	1.27660324952	1.41407730429	1.56463088565	1.74728100026	
0.66	1.13752247535	1.27592491313	1.41425690351	1.56586599889	1.74997471688	
0.67	1.13606955073	1.2752526892	1.41443652554	1.56709563376	1.75265708199	
0.68	1.13462948518	1.27458645717	1.41461617039	1.56831989772	1.75532832841	
0.69	1.13320202114	1.27392610034	1.41479583805	1.56953889488	1.75798868157	
0.7	1.13178690937	1.27327150572	1.41497552853	1.57075272613	1.76063835978	
0.71	1.13038390858	1.2726225638	1.41515524183	1.5719614893	1.76327757464	
0.72	1.12899278503	1.2719791685	1.41533497796	1.57316527926	1.76590653123	
0.73	1.12761331225	1.27134121694	1.41551473692	1.57436418809	1.76852542843	
0.74	1.12624527072	1.27070860934	1.41569451871	1.57555830513	1.77113445918	
0.75	1.12488844757	1.27008124891	1.41587432333	1.57674771713	1.77373381072	
0.76	1.12354263631	1.2694590417	1.41605415079	1.57793250836	1.77632366481	
0.77	1.12220763654	1.26884189646	1.41623400108	1.5791127607	1.77890419797	
0.78	1.12088325376	1.26822972461	1.41641387422	1.5802885537	1.78147558167	
0.79	1.11956929907	1.26762244006	1.41659377021	1.58145996474	1.78403798254	
0.8	1.11826558898	1.26701995914	1.41677368904	1.58262706904	1.78659156256	
0.81	1.11697194519	1.26642220052	1.41695363073	1.5837899398	1.78913647923	
0.82	1.11568819439	1.26582908508	1.41713359527	1.58494864824	1.79167288575	
0.83	1.11441416808	1.26524053588	1.41731358266	1.58610326369	1.79420093119	
0.84	1.11314970234	1.26465647805	1.41749359292	1.58725385364	1.7967207606	
0.85	1.11189463772	1.26407683868	1.41767362603	1.58840048384	1.79923251523	
0.86	1.11064881903	1.26350154681	1.41785368202	1.58954321834	1.80173633259	
0.87	1.1094120952	1.26293053333	1.41803376087	1.59068211954	1.80423234666	
0.88	1.10818431912	1.26236373091	1.41821386259	1.59181724829	1.80672068796	
0.89	1.10696534751	1.26180107393	1.41839398719	1.59294866389	1.80920148369	
0.9	1.10575504077	1.26124249844	1.41857413467	1.59407642419	1.81167485787	
0.91	1.10455326286	1.26068794209	1.41875430502	1.5952005856	1.81414093142	
0.92	1.10335988117	1.26013734407	1.41893449826	1.59632120318	1.81659982226	
0.93	1.10217476639	1.25959064509	1.41911471439	1.59743833065	1.81905164545	
0.94	1.10099779242	1.25904778726	1.4192949534	1.59855202047	1.82149651327	
0.95	1.09982883624	1.25850871412	1.41947521531	1.59966232382	1.82393453529	
0.96	1.09866777782	1.25797337054	1.41965550011	1.60076929073	1.82636581848	
0.97	1.09751450001	1.2574417027	1.4198358078	1.60187297004	1.82879046731	
0.98	1.09636888846	1.25691365803	1.4200161384	1.60297340947	1.8312085838	
0.99	1.09523083149	1.25638918519	1.4201964919	1.60407065566	1.83362026762	
1.0	1.09410022007	1.25586823403	1.42037686831	1.6051647542	1.83602561615	
1.01	1.09306999882	1.25539893924	1.42053524916	1.60613628091	1.83818620101	
1.02	1.09204586737	1.25493246299	1.42069364767	1.60710537849	1.84034179422	
1.03	1.09102774708	1.25446877027	1.42085206385	1.60807207714	1.8424924624	
1.04	1.09001556097	1.25400782678	1.42101049769	1.60903640646	1.84463827087	
1.05	1.08900923359	1.2535495989	1.42116894919	1.60999839549	1.84677928363	
1.06	1.08800869108	1.25309405368	1.42132741836	1.61095807269	1.84891556344	
1.07	1.08701386105	1.25264115881	1.4214859052	1.611915466	1.85104717184	
1.08	1.08602467255	1.25219088264	1.42164440972	1.61287060282	1.85317416917	
1.09	1.08504105608	1.2517431941	1.42180293191	1.61382351006	1.85529661461	
1.1	1.08406294349	1.25129806273	1.42196147177	1.6147742141	1.85741456621	
1.11	1.08309026796	1.25085545867	1.42212002932	1.61572274085	1.85952808094	
1.12	1.08212296398	1.2504153526	1.42227860454	1.61666911573	1.86163721469	
1.13	1.08116096732	1.24997771577	1.42243719745	1.61761336372	1.8637420223	
1.14	1.08020421495	1.24954251996	1.42259580804	1.61855550932	1.86584255759	
1.15	1.07925264508	1.24910973747	1.42275443631	1.61949557662	1.86793887343	
1.16	1.07830619704	1.24867934112	1.42291308228	1.62043358927	1.87003102169	
1.17	1.07736481133	1.24825130423	1.42307174593	1.62136957048	1.8721190533	
1.18	1.07642842956	1.24782560058	1.42323042728	1.62230354309	1.8742030183	
1.19	1.07549699441	1.24740220445	1.42338912632	1.62323552951	1.87628296582	
1.2	1.07457044959	1.24698109058	1.42354784305	1.62416555177	1.87835894411	
1.21	1.07364873988	1.24656223412	1.42370657749	1.62509363154	1.88043100059	
1.22	1.07273181103	1.24614561072	1.42386532962	1.62601979009	1.88249918185	
1.23	1.07181960976	1.2457311964	1.42402409946	1.62694404834	1.88456353365	
1.24	1.07091208377	1.24531896764	1.42418288699	1.62786642688	1.88662410098	
1.25	1.07000918165	1.24490890129	1.42434169224	1.62878694592	1.88868092806	
1.26	1.06911085293	1.24450097464	1.42450051519	1.62970562534	1.89073405834	
1.27	1.068217048	1.24409516532	1.42465935586	1.63062248472	1.89278353456	
1.28	1.0673277181	1.24369145138	1.42481821423	1.63153754328	1.89482939873	
1.29	1.06644281535	1.24328981122	1.42497709032	1.63245081996	1.89687169215	
1.3	1.06556229266	1.2428902236	1.42513598412	1.63336233336	1.89891045545	
1.31	1.06468610374	1.24249266764	1.42529489564	1.63427210181	1.90094572858	
1.32	1.06381420311	1.2420971228	1.42545382488	1.63518014333	1.90297755085	
1.33	1.06294654601	1.24170356887	1.42561277185	1.63608647565	1.90500596092	
1.34	1.06208308848	1.24131198599	1.42577173653	1.63699111624	1.90703099683	
1.35	1.06122378724	1.24092235461	1.42593071894	1.63789408227	1.90905269601	
1.36	1.06036859975	1.24053465549	1.42608971908	1.63879539065	1.91107109529	
1.37	1.05951748416	1.2401488697	1.42624873695	1.63969505804	1.91308623092	
1.38	1.0586703993	1.23976497861	1.42640777255	1.64059310083	1.91509813857	
1.39	1.05782730467	1.23938296389	1.42656682589	1.64148953517	1.91710685337	
1.4	1.05698816041	1.2390028075	1.42672589696	1.64238437694	1.91911240988	
1.41	1.05615292731	1.23862449167	1.42688498576	1.64327764181	1.92111484215	
1.42	1.05532156677	1.23824799891	1.42704409231	1.6441693452	1.92311418369	
1.43	1.0544940408	1.237873312	1.4272032166	1.64505950228	1.9251104675	
1.44	1.05367031202	1.23750041399	1.42736235863	1.64594812804	1.92710372609	
1.45	1.05285034361	1.23712928818	1.4275215184	1.64683523719	1.92909399146	
1.46	1.05203409934	1.23675991812	1.42768069592	1.64772084428	1.93108129514	
1.47	1.05122154352	1.23639228762	1.4278398912	1.64860496362	1.9330656682	
1.48	1.05041264102	1.23602638073	1.42799910422	1.64948760929	1.93504714124	
1.49	1.04960735724	1.23566218172	1.428158335	1.65036879522	1.9370257444	
1.5	1.0488056581	1.23529967511	1.42831758353	1.65124853509	1.9390015074	
1.51	1.04800751003	1.23493884564	1.42847684982	1.6521268424	1.94097445949	
1.52	1.04721287997	1.23457967828	1.42863613387	1.65300373048	1.94294462954	
1.53	1.04642173536	1.23422215821	1.42879543568	1.65387921244	1.94491204598	
1.54	1.04563404409	1.23386627084	1.42895475525	1.65475330122	1.94687673683	
1.55	1.04484977454	1.23351200175	1.42911409259	1.65562600959	1.94883872972	
1.56	1.04406889557	1.23315933678	1.42927344769	1.65649735011	1.95079805189	
1.57	1.04329137646	1.23280826194	1.42943282057	1.6573673352	1.95275473018	
1.58	1.04251718696	1.23245876343	1.42959221121	1.6582359771	1.95470879107	
1.59	1.04174629723	1.23211082767	1.42975161963	1.65910328786	1.95666026068	
1.6	1.04097867787	1.23176444125	1.42991104583	1.65996927941	1.95860916473	
1.61	1.04021429991	1.23141959095	1.4300704898	1.66083396347	1.96055552863	
1.62	1.03945313476	1.23107626374	1.43022995155	1.66169735163	1.96249937741	
1.63	1.03869515426	1.23073444676	1.43038943108	1.66255945533	1.96444073578	
1.64	1.03794033063	1.23039412734	1.43054892839	1.66342028584	1.96637962809	
1.65	1.03718863647	1.23005529296	1.43070844349	1.66427985429	1.96831607839	
1.66	1.03644004477	1.22971793129	1.43086797637	1.66513817166	1.97025011039	
1.67	1.03569452889	1.22938203016	1.43102752705	1.66599524879	1.97218174749	
1.68	1.03495206255	1.22904757755	1.43118709551	1.66685109637	1.97411101277	
1.69	1.03421261983	1.22871456162	1.43134668177	1.66770572496	1.97603792901	
1.7	1.03347617516	1.22838297068	1.43150628582	1.66855914498	1.9779625187	
1.71	1.03274270332	1.22805279319	1.43166590767	1.66941136671	1.97988480402	
1.72	1.03201217942	1.22772401776	1.43182554732	1.67026240032	1.98180480688	
1.73	1.0312845789	1.22739663315	1.43198520477	1.67111225583	1.98372254888	
1.74	1.03055987755	1.22707062827	1.43214488002	1.67196094313	1.98563805137	
1.75	1.02983805143	1.22674599218	1.43230457308	1.67280847201	1.98755133541	
1.76	1.02911907697	1.22642271406	1.43246428394	1.67365485211	1.9894624218	
1.77	1.02840293087	1.22610078325	1.43262401262	1.67450009296	1.99137133107	
1.78	1.02768959015	1.22578018921	1.4327837591	1.67534420398	1.99327808349	
1.79	1.02697903212	1.22546092154	1.43294352339	1.67618719447	1.99518269908	
1.8	1.02627123438	1.22514296997	1.43310330551	1.6770290736	1.99708519761	
1.81	1.02556617483	1.22482632436	1.43326310543	1.67786985045	1.9989855986	
1.82	1.02486383164	1.22451097469	1.43342292318	1.67870953398	2.00088392133	
1.83	1.02416418325	1.22419691108	1.43358275875	1.67954813303	2.00278018485	
1.84	1.02346720839	1.22388412376	1.43374261213	1.68038565636	2.00467440796	
1.85	1.02277288604	1.22357260307	1.43390248335	1.6812221126	2.00656660925	
1.86	1.02208119547	1.22326233949	1.43406237239	1.68205751029	2.00845680707	
1.87	1.02139211616	1.22295332361	1.43422227926	1.68289185786	2.01034501955	
1.88	1.0207056279	1.22264554613	1.43438220396	1.68372516365	2.01223126462	
1.89	1.02002171068	1.22233899785	1.43454214649	1.68455743589	2.01411555996	
1.9	1.01934034478	1.2220336697	1.43470210686	1.68538868274	2.01599792308	
1.91	1.01866151067	1.22172955272	1.43486208506	1.68621891222	2.01787837125	
1.92	1.01798518911	1.22142663803	1.4350220811	1.6870481323	2.01975692155	
1.93	1.01731136105	1.22112491689	1.43518209499	1.68787635083	2.02163359087	
1.94	1.01664000769	1.22082438064	1.43534212671	1.68870357558	2.02350839588	
1.95	1.01597111046	1.22052502073	1.43550217628	1.68952981423	2.02538135307	
1.96	1.015304651	1.2202268287	1.4356622437	1.69035507438	2.02725247873	
1.97	1.01464061117	1.21992979621	1.43582232896	1.69117936353	2.02912178898	
1.98	1.01397897303	1.21963391498	1.43598243208	1.69200268911	2.03098929974	
1.99	1.01331971889	1.21933917687	1.43614255304	1.69282505845	2.03285502675	
